1 0 worker9 2.3022828102111816
1 20 worker9 2.2153773307800293
1 40 worker9 2.1706106662750244
1 60 worker9 1.9157360792160034
1 80 worker9 1.670031189918518
1 100 worker9 1.1554380655288696
1 120 worker9 0.7980639338493347
1 140 worker9 0.77851802110672
1 160 worker9 0.6444523930549622
1 180 worker9 0.5522001385688782
1 200 worker9 0.6033856868743896
1 220 worker9 0.5941401124000549
1 240 worker9 0.47009703516960144
1 260 worker9 0.573073148727417
1 280 worker9 0.3707279860973358
1 300 worker9 0.2120051234960556
1 320 worker9 0.24905306100845337
1 340 worker9 0.6657520532608032
1 360 worker9 0.27243417501449585
1 380 worker9 0.27805182337760925
1 400 worker9 0.3642977178096771
1 420 worker9 0.33797192573547363
1 440 worker9 0.14491738379001617
1 460 worker9 0.20395638048648834
1 480 worker9 0.15389008820056915
1 500 worker9 0.22375042736530304
1 520 worker9 0.2777567505836487
1 540 worker9 0.2952125370502472
1 560 worker9 0.471980482339859
1 580 worker9 0.18820670247077942
1 600 worker9 0.3492604196071625
1 620 worker9 0.23708391189575195
1 640 worker9 0.2564234435558319
1 660 worker9 0.12649790942668915
1 680 worker9 0.20024621486663818
1 700 worker9 0.21865777671337128
1 720 worker9 0.2983020544052124
1 740 worker9 0.2749057412147522
1 760 worker9 0.18015871942043304
1 780 worker9 0.31199023127555847
1 800 worker9 0.294340044260025
1 820 worker9 0.15088076889514923
1 840 worker9 0.13919392228126526
1 860 worker9 0.08612401783466339
1 880 worker9 0.13429872691631317
1 900 worker9 0.11580915004014969
1 920 worker9 0.14210085570812225
2 0 worker9 0.11016546189785004
2 20 worker9 0.08897504210472107
2 40 worker9 0.20184050500392914
2 60 worker9 0.2658015191555023
2 80 worker9 0.07043462991714478
2 100 worker9 0.1852453202009201
2 120 worker9 0.18589574098587036
2 140 worker9 0.10494619607925415
2 160 worker9 0.10452024638652802
2 180 worker9 0.14664369821548462
2 200 worker9 0.09564748406410217
2 220 worker9 0.13288751244544983
2 240 worker9 0.12341468036174774
2 260 worker9 0.4169188439846039
2 280 worker9 0.1433825045824051
2 300 worker9 0.10708996653556824
2 320 worker9 0.13592858612537384
2 340 worker9 0.09295924752950668
2 360 worker9 0.054333366453647614
2 380 worker9 0.10986538976430893
2 400 worker9 0.10922697186470032
2 420 worker9 0.10416779667139053
2 440 worker9 0.11814416199922562
2 460 worker9 0.1254490166902542
2 480 worker9 0.04656518995761871
2 500 worker9 0.051576536148786545
2 520 worker9 0.04630456864833832
2 540 worker9 0.15379716455936432
2 560 worker9 0.10432607680559158
2 580 worker9 0.0673890933394432
2 600 worker9 0.0798943042755127
2 620 worker9 0.05960899963974953
2 640 worker9 0.1416739821434021
2 660 worker9 0.083283431828022
2 680 worker9 0.08106985688209534
2 700 worker9 0.10424993187189102
2 720 worker9 0.03292582184076309
2 740 worker9 0.23189899325370789
2 760 worker9 0.12493956834077835
2 780 worker9 0.03051908127963543
2 800 worker9 0.03424083814024925
2 820 worker9 0.13896287977695465
2 840 worker9 0.02657255157828331
2 860 worker9 0.039505764842033386
2 880 worker9 0.05275735631585121
2 900 worker9 0.13945460319519043
2 920 worker9 0.19147980213165283
3 0 worker9 0.07019677013158798
3 20 worker9 0.2093905806541443
3 40 worker9 0.08477925509214401
3 60 worker9 0.1682874709367752
3 80 worker9 0.1667664796113968
3 100 worker9 0.032164473086595535
3 120 worker9 0.053275350481271744
3 140 worker9 0.11228272318840027
3 160 worker9 0.10472704470157623
3 180 worker9 0.08609877526760101
3 200 worker9 0.09062150865793228
3 220 worker9 0.1534082144498825
3 240 worker9 0.01705135777592659
3 260 worker9 0.050005849450826645
3 280 worker9 0.08884788304567337
3 300 worker9 0.10988697409629822
3 320 worker9 0.0754970982670784
3 340 worker9 0.23458345234394073
3 360 worker9 0.02081732451915741
3 380 worker9 0.10864748805761337
3 400 worker9 0.11340178549289703
3 420 worker9 0.11260619014501572
3 440 worker9 0.09571659564971924
3 460 worker9 0.2127237766981125
3 480 worker9 0.03544435277581215
3 500 worker9 0.15970297157764435
3 520 worker9 0.0667077898979187
3 540 worker9 0.04586555436253548
3 560 worker9 0.041136179119348526
3 580 worker9 0.04505131393671036
3 600 worker9 0.045898742973804474
3 620 worker9 0.04574107751250267
3 640 worker9 0.08893945813179016
3 660 worker9 0.06722119450569153
3 680 worker9 0.04708436131477356
3 700 worker9 0.03793048486113548
3 720 worker9 0.10235863924026489
3 740 worker9 0.07564151287078857
3 760 worker9 0.055877212435007095
3 780 worker9 0.10141891241073608
3 800 worker9 0.1710861176252365
3 820 worker9 0.17304445803165436
3 840 worker9 0.08188700675964355
3 860 worker9 0.143870547413826
3 880 worker9 0.05391097441315651
3 900 worker9 0.02313237078487873
3 920 worker9 0.012869586236774921
4 0 worker9 0.017497273162007332
4 20 worker9 0.012620041146874428
4 40 worker9 0.11386685818433762
4 60 worker9 0.037570711225271225
4 80 worker9 0.0510583259165287
4 100 worker9 0.05240635946393013
4 120 worker9 0.2399716079235077
4 140 worker9 0.06939045339822769
4 160 worker9 0.039989158511161804
4 180 worker9 0.04874269291758537
4 200 worker9 0.025680314749479294
4 220 worker9 0.08494673669338226
4 240 worker9 0.03137899935245514
4 260 worker9 0.06460263580083847
4 280 worker9 0.03922669589519501
4 300 worker9 0.16602036356925964
4 320 worker9 0.03338785469532013
4 340 worker9 0.13899023830890656
4 360 worker9 0.02500670775771141
4 380 worker9 0.19208839535713196
4 400 worker9 0.15587446093559265
4 420 worker9 0.04978042468428612
4 440 worker9 0.044856466352939606
4 460 worker9 0.12390976399183273
4 480 worker9 0.031253278255462646
4 500 worker9 0.16970433294773102
4 520 worker9 0.017194360494613647
4 540 worker9 0.01872740499675274
4 560 worker9 0.07807068526744843
4 580 worker9 0.05632774159312248
4 600 worker9 0.014325032941997051
4 620 worker9 0.05458874627947807
4 640 worker9 0.01493987999856472
4 660 worker9 0.07657339423894882
4 680 worker9 0.02668965980410576
4 700 worker9 0.036941856145858765
4 720 worker9 0.07586896419525146
4 740 worker9 0.025939933955669403
4 760 worker9 0.00944990012794733
4 780 worker9 0.12300585210323334
4 800 worker9 0.13430729508399963
4 820 worker9 0.01862044259905815
4 840 worker9 0.08073915541172028
4 860 worker9 0.08729280531406403
4 880 worker9 0.03471503406763077
4 900 worker9 0.04744451493024826
4 920 worker9 0.12402418255805969
5 0 worker9 0.013629069551825523
5 20 worker9 0.06838864088058472
5 40 worker9 0.06424999982118607
5 60 worker9 0.023011788725852966
5 80 worker9 0.020240508019924164
5 100 worker9 0.1067817434668541
5 120 worker9 0.07588957250118256
5 140 worker9 0.07247954607009888
5 160 worker9 0.1657707840204239
5 180 worker9 0.07948022335767746
5 200 worker9 0.037290267646312714
5 220 worker9 0.06254671514034271
5 240 worker9 0.09676313400268555
5 260 worker9 0.033428143709897995
5 280 worker9 0.011034202761948109
5 300 worker9 0.03157423809170723
5 320 worker9 0.054405223578214645
5 340 worker9 0.035780876874923706
5 360 worker9 0.10557985305786133
5 380 worker9 0.17585128545761108
5 400 worker9 0.12074369192123413
5 420 worker9 0.06741117686033249
5 440 worker9 0.03485879674553871
5 460 worker9 0.07837498188018799
5 480 worker9 0.11198343336582184
5 500 worker9 0.06620268523693085
5 520 worker9 0.018771974369883537
5 540 worker9 0.04494476690888405
5 560 worker9 0.033518679440021515
5 580 worker9 0.013263429515063763
5 600 worker9 0.07854493707418442
5 620 worker9 0.03598497435450554
5 640 worker9 0.15561069548130035
5 660 worker9 0.07769312709569931
5 680 worker9 0.019076652824878693
5 700 worker9 0.02406935580074787
5 720 worker9 0.03348543122410774
5 740 worker9 0.04547509923577309
5 760 worker9 0.054840099066495895
5 780 worker9 0.05435121804475784
5 800 worker9 0.0429636612534523
5 820 worker9 0.20263341069221497
5 840 worker9 0.011381289921700954
5 860 worker9 0.012466133572161198
5 880 worker9 0.023818930611014366
5 900 worker9 0.008771981112658978
5 920 worker9 0.029914041981101036
1 0 worker0 2.3022828102111816
1 10 worker0 2.263312578201294
1 20 worker0 2.2153773307800293
1 30 worker0 2.177358865737915
1 40 worker0 2.1706106662750244
1 50 worker0 2.0705666542053223
1 60 worker0 1.9157360792160034
1 70 worker0 1.7945477962493896
1 80 worker0 1.670031189918518
1 90 worker0 1.4239758253097534
1 100 worker1 1.1554380655288696
1 110 worker1 1.0763988494873047
1 120 worker1 0.7980639338493347
1 130 worker1 0.703187108039856
1 140 worker1 0.77851802110672
1 150 worker1 0.5275471210479736
1 160 worker1 0.6444523930549622
1 170 worker1 0.5575979351997375
1 180 worker1 0.5522001385688782
1 190 worker2 0.7513638734817505
1 200 worker2 0.6033856868743896
1 210 worker2 0.4439624547958374
1 220 worker2 0.5941401124000549
1 230 worker2 0.6286459565162659
1 240 worker2 0.47009703516960144
1 250 worker2 0.4447864890098572
1 260 worker2 0.573073148727417
1 270 worker2 0.815473198890686
1 280 worker2 0.3707279860973358
1 290 worker3 0.2682870626449585
1 300 worker3 0.2120051234960556
1 310 worker3 0.5270059704780579
1 320 worker3 0.24905306100845337
1 330 worker3 0.22385723888874054
1 340 worker3 0.6657520532608032
1 350 worker3 0.5382497906684875
1 360 worker3 0.27243417501449585
1 370 worker3 0.2299376279115677
1 380 worker4 0.27805182337760925
1 390 worker4 0.36674144864082336
1 400 worker4 0.3642977178096771
1 410 worker4 0.19356080889701843
1 420 worker4 0.33797192573547363
1 430 worker4 0.47825461626052856
1 440 worker4 0.14491738379001617
1 450 worker4 0.3191984295845032
1 460 worker4 0.20395638048648834
1 470 worker5 0.3393798768520355
1 480 worker5 0.15389008820056915
1 490 worker5 0.294869601726532
1 500 worker5 0.22375042736530304
1 510 worker5 0.20941264927387238
1 520 worker5 0.2777567505836487
1 530 worker5 0.2750215530395508
1 540 worker5 0.2952125370502472
1 550 worker5 0.18309269845485687
1 560 worker5 0.471980482339859
1 570 worker6 0.14890150725841522
1 580 worker6 0.18820670247077942
1 590 worker6 0.32531020045280457
1 600 worker6 0.3492604196071625
1 610 worker6 0.2347361445426941
1 620 worker6 0.23708391189575195
1 630 worker6 0.12803776562213898
1 640 worker6 0.2564234435558319
1 650 worker6 0.1865440011024475
1 660 worker7 0.12649790942668915
1 670 worker7 0.22221866250038147
1 680 worker7 0.20024621486663818
1 690 worker7 0.10570427030324936
1 700 worker7 0.21865777671337128
1 710 worker7 0.21393144130706787
1 720 worker7 0.2983020544052124
1 730 worker7 0.15780510008335114
1 740 worker7 0.2749057412147522
1 750 worker7 0.26385658979415894
1 760 worker8 0.18015871942043304
1 770 worker8 0.158811554312706
1 780 worker8 0.31199023127555847
1 790 worker8 0.2976081073284149
1 800 worker8 0.294340044260025
1 810 worker8 0.05349457636475563
1 820 worker8 0.15088076889514923
1 830 worker8 0.23808518052101135
1 840 worker8 0.13919392228126526
1 850 worker9 0.14505413174629211
1 860 worker9 0.08612401783466339
1 870 worker9 0.08750863373279572
1 880 worker9 0.13429872691631317
1 890 worker9 0.05984300747513771
1 900 worker9 0.11580915004014969
1 910 worker9 0.1389731913805008
1 920 worker9 0.14210085570812225
1 930 worker9 0.1295579969882965
2 0 worker0 0.11016546189785004
2 10 worker0 0.09615501016378403
2 20 worker0 0.08897504210472107
2 30 worker0 0.0719299241900444
2 40 worker0 0.20184050500392914
2 50 worker0 0.29810887575149536
2 60 worker0 0.2658015191555023
2 70 worker0 0.043580472469329834
2 80 worker0 0.07043462991714478
2 90 worker0 0.1368485391139984
2 100 worker1 0.1852453202009201
2 110 worker1 0.09933201223611832
2 120 worker1 0.18589574098587036
2 130 worker1 0.06174309179186821
2 140 worker1 0.10494619607925415
2 150 worker1 0.15547144412994385
2 160 worker1 0.10452024638652802
2 170 worker1 0.19895176589488983
2 180 worker1 0.14664369821548462
2 190 worker2 0.08764849603176117
2 200 worker2 0.09564748406410217
2 210 worker2 0.190944641828537
2 220 worker2 0.13288751244544983
2 230 worker2 0.11380916833877563
2 240 worker2 0.12341468036174774
2 250 worker2 0.09624806046485901
2 260 worker2 0.4169188439846039
2 270 worker2 0.12828847765922546
2 280 worker2 0.1433825045824051
2 290 worker3 0.0711827352643013
2 300 worker3 0.10708996653556824
2 310 worker3 0.08626066148281097
2 320 worker3 0.13592858612537384
2 330 worker3 0.047990214079618454
2 340 worker3 0.09295924752950668
2 350 worker3 0.12788623571395874
2 360 worker3 0.054333366453647614
2 370 worker3 0.21330252289772034
2 380 worker4 0.10986538976430893
2 390 worker4 0.10160549730062485
2 400 worker4 0.10922697186470032
2 410 worker4 0.20751416683197021
2 420 worker4 0.10416779667139053
2 430 worker4 0.0758085548877716
2 440 worker4 0.11814416199922562
2 450 worker4 0.05540129914879799
2 460 worker4 0.1254490166902542
2 470 worker5 0.1622818410396576
2 480 worker5 0.04656518995761871
2 490 worker5 0.1732499599456787
2 500 worker5 0.051576536148786545
2 510 worker5 0.07607670873403549
2 520 worker5 0.04630456864833832
2 530 worker5 0.04482864961028099
2 540 worker5 0.15379716455936432
2 550 worker5 0.0943678542971611
2 560 worker5 0.10432607680559158
2 570 worker6 0.2169167399406433
2 580 worker6 0.0673890933394432
2 590 worker6 0.18989260494709015
2 600 worker6 0.0798943042755127
2 610 worker6 0.04513902962207794
2 620 worker6 0.05960899963974953
2 630 worker6 0.072999007999897
2 640 worker6 0.1416739821434021
2 650 worker6 0.15501822531223297
2 660 worker7 0.083283431828022
2 670 worker7 0.13840597867965698
2 680 worker7 0.08106985688209534
2 690 worker7 0.1820472776889801
2 700 worker7 0.10424993187189102
2 710 worker7 0.1125197783112526
2 720 worker7 0.03292582184076309
2 730 worker7 0.10980460792779922
2 740 worker7 0.23189899325370789
2 750 worker7 0.15804965794086456
2 760 worker8 0.12493956834077835
2 770 worker8 0.2166391909122467
2 780 worker8 0.03051908127963543
2 790 worker8 0.11723087728023529
2 800 worker8 0.03424083814024925
2 810 worker8 0.0795702412724495
2 820 worker8 0.13896287977695465
2 830 worker8 0.10679186135530472
2 840 worker8 0.02657255157828331
2 850 worker9 0.3502408564090729
2 860 worker9 0.039505764842033386
2 870 worker9 0.08310721814632416
2 880 worker9 0.05275735631585121
2 890 worker9 0.0344107523560524
2 900 worker9 0.13945460319519043
2 910 worker9 0.07012956589460373
2 920 worker9 0.19147980213165283
2 930 worker9 0.08178433030843735
3 0 worker0 0.07019677013158798
3 10 worker0 0.03253282606601715
3 20 worker0 0.2093905806541443
3 30 worker0 0.03249380365014076
3 40 worker0 0.08477925509214401
3 50 worker0 0.11760681122541428
3 60 worker0 0.1682874709367752
3 70 worker0 0.08670453727245331
3 80 worker0 0.1667664796113968
3 90 worker0 0.08731898665428162
3 100 worker1 0.032164473086595535
3 110 worker1 0.02127883769571781
3 120 worker1 0.053275350481271744
3 130 worker1 0.05991242453455925
3 140 worker1 0.11228272318840027
3 150 worker1 0.14897051453590393
3 160 worker1 0.10472704470157623
3 170 worker1 0.14967063069343567
3 180 worker1 0.08609877526760101
3 190 worker2 0.21569499373435974
3 200 worker2 0.09062150865793228
3 210 worker2 0.07378900051116943
3 220 worker2 0.1534082144498825
3 230 worker2 0.03668605908751488
3 240 worker2 0.01705135777592659
3 250 worker2 0.11555250734090805
3 260 worker2 0.050005849450826645
3 270 worker2 0.045417048037052155
3 280 worker2 0.08884788304567337
3 290 worker3 0.10656994581222534
3 300 worker3 0.10988697409629822
3 310 worker3 0.029510818421840668
3 320 worker3 0.0754970982670784
3 330 worker3 0.06883128732442856
3 340 worker3 0.23458345234394073
3 350 worker3 0.04438571259379387
3 360 worker3 0.02081732451915741
3 370 worker3 0.14742057025432587
3 380 worker4 0.10864748805761337
3 390 worker4 0.20849250257015228
3 400 worker4 0.11340178549289703
3 410 worker4 0.025319332256913185
3 420 worker4 0.11260619014501572
3 430 worker4 0.08795560151338577
3 440 worker4 0.09571659564971924
3 450 worker4 0.10585156828165054
3 460 worker4 0.2127237766981125
3 470 worker5 0.11085530370473862
3 480 worker5 0.03544435277581215
3 490 worker5 0.08318141102790833
3 500 worker5 0.15970297157764435
3 510 worker5 0.10174453258514404
3 520 worker5 0.0667077898979187
3 530 worker5 0.07487238198518753
3 540 worker5 0.04586555436253548
3 550 worker5 0.1209811419248581
3 560 worker5 0.041136179119348526
3 570 worker6 0.05633449926972389
3 580 worker6 0.04505131393671036
3 590 worker6 0.06570214778184891
3 600 worker6 0.045898742973804474
3 610 worker6 0.1722421795129776
3 620 worker6 0.04574107751250267
3 630 worker6 0.09500803053379059
3 640 worker6 0.08893945813179016
3 650 worker6 0.030641470104455948
3 660 worker7 0.06722119450569153
3 670 worker7 0.07371964305639267
3 680 worker7 0.04708436131477356
3 690 worker7 0.19830285012722015
3 700 worker7 0.03793048486113548
3 710 worker7 0.059832412749528885
3 720 worker7 0.10235863924026489
3 730 worker7 0.04949043691158295
3 740 worker7 0.07564151287078857
3 750 worker7 0.1740313023328781
3 760 worker8 0.055877212435007095
3 770 worker8 0.02956322208046913
3 780 worker8 0.10141891241073608
3 790 worker8 0.06547840684652328
3 800 worker8 0.1710861176252365
3 810 worker8 0.032034169882535934
3 820 worker8 0.17304445803165436
3 830 worker8 0.0610240176320076
3 840 worker8 0.08188700675964355
3 850 worker9 0.026016756892204285
3 860 worker9 0.143870547413826
3 870 worker9 0.050891488790512085
3 880 worker9 0.05391097441315651
3 890 worker9 0.05883798748254776
3 900 worker9 0.02313237078487873
3 910 worker9 0.029529066756367683
3 920 worker9 0.012869586236774921
3 930 worker9 0.040858346968889236
4 0 worker0 0.017497273162007332
4 10 worker0 0.13847121596336365
4 20 worker0 0.012620041146874428
4 30 worker0 0.05541517212986946
4 40 worker0 0.11386685818433762
4 50 worker0 0.015949666500091553
4 60 worker0 0.037570711225271225
4 70 worker0 0.11749473959207535
4 80 worker0 0.0510583259165287
4 90 worker0 0.15365386009216309
4 100 worker1 0.05240635946393013
4 110 worker1 0.034164704382419586
4 120 worker1 0.2399716079235077
4 130 worker1 0.12731631100177765
4 140 worker1 0.06939045339822769
4 150 worker1 0.053194183856248856
4 160 worker1 0.039989158511161804
4 170 worker1 0.030673624947667122
4 180 worker1 0.04874269291758537
4 190 worker2 0.04559238255023956
4 200 worker2 0.025680314749479294
4 210 worker2 0.1338164508342743
4 220 worker2 0.08494673669338226
4 230 worker2 0.03157196193933487
4 240 worker2 0.03137899935245514
4 250 worker2 0.04375746473670006
4 260 worker2 0.06460263580083847
4 270 worker2 0.04434787109494209
4 280 worker2 0.03922669589519501
4 290 worker3 0.026280304417014122
4 300 worker3 0.16602036356925964
4 310 worker3 0.08408644050359726
4 320 worker3 0.03338785469532013
4 330 worker3 0.010910293087363243
4 340 worker3 0.13899023830890656
4 350 worker3 0.04154369607567787
4 360 worker3 0.02500670775771141
4 370 worker3 0.12426117807626724
4 380 worker4 0.19208839535713196
4 390 worker4 0.07593890279531479
4 400 worker4 0.15587446093559265
4 410 worker4 0.18336288630962372
4 420 worker4 0.04978042468428612
4 430 worker4 0.15574845671653748
4 440 worker4 0.044856466352939606
4 450 worker4 0.06312012672424316
4 460 worker4 0.12390976399183273
4 470 worker5 0.06163819506764412
4 480 worker5 0.031253278255462646
4 490 worker5 0.06025553122162819
4 500 worker5 0.16970433294773102
4 510 worker5 0.025421010330319405
4 520 worker5 0.017194360494613647
4 530 worker5 0.12453635036945343
4 540 worker5 0.01872740499675274
4 550 worker5 0.061820853501558304
4 560 worker5 0.07807068526744843
4 570 worker6 0.04476892203092575
4 580 worker6 0.05632774159312248
4 590 worker6 0.06117721647024155
4 600 worker6 0.014325032941997051
4 610 worker6 0.07399909943342209
4 620 worker6 0.05458874627947807
4 630 worker6 0.06547154486179352
4 640 worker6 0.01493987999856472
4 650 worker6 0.019806329160928726
4 660 worker7 0.07657339423894882
4 670 worker7 0.10548907518386841
4 680 worker7 0.02668965980410576
4 690 worker7 0.14753733575344086
4 700 worker7 0.036941856145858765
4 710 worker7 0.04429396986961365
4 720 worker7 0.07586896419525146
4 730 worker7 0.0406319722533226
4 740 worker7 0.025939933955669403
4 750 worker7 0.06833638995885849
4 760 worker8 0.00944990012794733
4 770 worker8 0.020804723724722862
4 780 worker8 0.12300585210323334
4 790 worker8 0.09670070558786392
4 800 worker8 0.13430729508399963
4 810 worker8 0.08710667490959167
4 820 worker8 0.01862044259905815
4 830 worker8 0.061742644757032394
4 840 worker8 0.08073915541172028
4 850 worker9 0.11119192093610764
4 860 worker9 0.08729280531406403
4 870 worker9 0.1717749983072281
4 880 worker9 0.03471503406763077
4 890 worker9 0.1455145925283432
4 900 worker9 0.04744451493024826
4 910 worker9 0.08677700161933899
4 920 worker9 0.12402418255805969
4 930 worker9 0.020890478044748306
5 0 worker0 0.013629069551825523
5 10 worker0 0.04718445986509323
5 20 worker0 0.06838864088058472
5 30 worker0 0.06160552427172661
5 40 worker0 0.06424999982118607
5 50 worker0 0.020732713863253593
5 60 worker0 0.023011788725852966
5 70 worker0 0.12951813638210297
5 80 worker0 0.020240508019924164
5 90 worker0 0.053746748715639114
5 100 worker1 0.1067817434668541
5 110 worker1 0.011009866371750832
5 120 worker1 0.07588957250118256
5 130 worker1 0.06450464576482773
5 140 worker1 0.07247954607009888
5 150 worker1 0.018865767866373062
5 160 worker1 0.1657707840204239
5 170 worker1 0.019660497084259987
5 180 worker1 0.07948022335767746
5 190 worker2 0.20134061574935913
5 200 worker2 0.037290267646312714
5 210 worker2 0.04884960874915123
5 220 worker2 0.06254671514034271
5 230 worker2 0.007125822827219963
5 240 worker2 0.09676313400268555
5 250 worker2 0.09038687497377396
5 260 worker2 0.033428143709897995
5 270 worker2 0.0558013878762722
5 280 worker2 0.011034202761948109
5 290 worker3 0.026467416435480118
5 300 worker3 0.03157423809170723
5 310 worker3 0.1359192132949829
5 320 worker3 0.054405223578214645
5 330 worker3 0.011540832929313183
5 340 worker3 0.035780876874923706
5 350 worker3 0.04039711877703667
5 360 worker3 0.10557985305786133
5 370 worker3 0.028695132583379745
5 380 worker4 0.17585128545761108
5 390 worker4 0.022282008081674576
5 400 worker4 0.12074369192123413
5 410 worker4 0.05814170092344284
5 420 worker4 0.06741117686033249
5 430 worker4 0.04093820974230766
5 440 worker4 0.03485879674553871
5 450 worker4 0.04847247153520584
5 460 worker4 0.07837498188018799
5 470 worker5 0.07254838198423386
5 480 worker5 0.11198343336582184
5 490 worker5 0.05044373497366905
5 500 worker5 0.06620268523693085
5 510 worker5 0.052963435649871826
5 520 worker5 0.018771974369883537
5 530 worker5 0.025541068986058235
5 540 worker5 0.04494476690888405
5 550 worker5 0.0271363016217947
5 560 worker5 0.033518679440021515
5 570 worker6 0.06593160331249237
5 580 worker6 0.013263429515063763
5 590 worker6 0.009647015482187271
5 600 worker6 0.07854493707418442
5 610 worker6 0.09987468272447586
5 620 worker6 0.03598497435450554
5 630 worker6 0.11113344877958298
5 640 worker6 0.15561069548130035
5 650 worker6 0.015427917242050171
5 660 worker7 0.07769312709569931
5 670 worker7 0.050764501094818115
5 680 worker7 0.019076652824878693
5 690 worker7 0.17001758515834808
5 700 worker7 0.02406935580074787
5 710 worker7 0.04193439707159996
5 720 worker7 0.03348543122410774
5 730 worker7 0.019911758601665497
5 740 worker7 0.04547509923577309
5 750 worker7 0.14972031116485596
5 760 worker8 0.054840099066495895
5 770 worker8 0.05073695629835129
5 780 worker8 0.05435121804475784
5 790 worker8 0.07590615004301071
5 800 worker8 0.0429636612534523
5 810 worker8 0.05792941898107529
5 820 worker8 0.20263341069221497
5 830 worker8 0.04068059101700783
5 840 worker8 0.011381289921700954
5 850 worker9 0.08460377901792526
5 860 worker9 0.012466133572161198
5 870 worker9 0.02093380130827427
5 880 worker9 0.023818930611014366
5 890 worker9 0.06152466684579849
5 900 worker9 0.008771981112658978
5 910 worker9 0.015046357177197933
5 920 worker9 0.029914041981101036
5 930 worker9 0.12815754115581512
