1 0 worker0 2.3022828102111816
1 10 worker0 2.263312578201294
1 20 worker0 2.2153773307800293
1 30 worker0 2.177358865737915
1 40 worker0 2.1706106662750244
1 50 worker0 2.0705666542053223
1 60 worker0 1.9157360792160034
1 70 worker0 1.7945477962493896
1 80 worker0 1.670031189918518
1 90 worker0 1.4239758253097534
1 100 worker1 2.2873566150665283
1 110 worker1 2.2579240798950195
1 120 worker1 2.154237747192383
1 130 worker1 2.1324307918548584
1 140 worker1 2.107787609100342
1 150 worker1 1.953722596168518
1 160 worker1 1.8655035495758057
1 170 worker1 1.724622130393982
1 180 worker1 1.4919761419296265
1 190 worker2 2.2923905849456787
1 200 worker2 2.272749423980713
1 210 worker2 2.2357590198516846
1 220 worker2 2.190385103225708
1 230 worker2 2.1335582733154297
1 240 worker2 2.037274122238159
1 250 worker2 1.9537065029144287
1 260 worker2 1.8205667734146118
1 270 worker2 1.746614694595337
1 280 worker2 1.4782127141952515
1 290 worker3 2.270808696746826
1 300 worker3 2.2294795513153076
1 310 worker3 2.183081865310669
1 320 worker3 2.1202986240386963
1 330 worker3 2.079897403717041
1 340 worker3 2.0176477432250977
1 350 worker3 1.9438273906707764
1 360 worker3 1.6273452043533325
1 370 worker3 1.5298116207122803
1 380 worker4 2.283759355545044
1 390 worker4 2.256899118423462
1 400 worker4 2.2129130363464355
1 410 worker4 2.1547656059265137
1 420 worker4 2.1150269508361816
1 430 worker4 2.0725481510162354
1 440 worker4 1.8731149435043335
1 450 worker4 1.7417887449264526
1 460 worker4 1.5649175643920898
1 470 worker5 2.3087685108184814
1 480 worker5 2.278038501739502
1 490 worker5 2.247919797897339
1 500 worker5 2.18147349357605
1 510 worker5 2.1472244262695312
1 520 worker5 2.0809733867645264
1 530 worker5 2.013024091720581
1 540 worker5 1.9112889766693115
1 550 worker5 1.809436559677124
1 560 worker5 1.6240936517715454
1 570 worker6 2.2816920280456543
1 580 worker6 2.236837148666382
1 590 worker6 2.214524030685425
1 600 worker6 2.169151544570923
1 610 worker6 2.0788421630859375
1 620 worker6 1.9885094165802002
1 630 worker6 1.9293854236602783
1 640 worker6 1.7462108135223389
1 650 worker6 1.5753288269042969
1 660 worker7 2.3050692081451416
1 670 worker7 2.2716639041900635
1 680 worker7 2.2157835960388184
1 690 worker7 2.1665854454040527
1 700 worker7 2.087585687637329
1 710 worker7 2.063937187194824
1 720 worker7 1.931518793106079
1 730 worker7 1.847827672958374
1 740 worker7 1.665658712387085
1 750 worker7 1.5291986465454102
1 760 worker8 2.277963161468506
1 770 worker8 2.2275969982147217
1 780 worker8 2.198530435562134
1 790 worker8 2.143810272216797
1 800 worker8 2.0828967094421387
1 810 worker8 1.9708125591278076
1 820 worker8 1.819873571395874
1 830 worker8 1.7177457809448242
1 840 worker8 1.6203155517578125
1 850 worker9 2.295438766479492
1 860 worker9 2.2534756660461426
1 870 worker9 2.208401918411255
1 880 worker9 2.129438877105713
1 890 worker9 2.0841147899627686
1 900 worker9 1.9750072956085205
1 910 worker9 1.8539842367172241
1 920 worker9 1.7321208715438843
1 930 worker9 1.5629199743270874
2 0 worker0 1.4023792743682861
2 10 worker0 1.153735637664795
2 20 worker0 0.9766514897346497
2 30 worker0 0.9197638630867004
2 40 worker0 0.8113380074501038
2 50 worker0 0.6239216327667236
2 60 worker0 0.5079458355903625
2 70 worker0 0.5388031601905823
2 80 worker0 0.4511629343032837
2 90 worker0 0.4089071452617645
2 100 worker1 1.2657612562179565
2 110 worker1 1.245435357093811
2 120 worker1 0.9539294242858887
2 130 worker1 0.8093120455741882
2 140 worker1 0.843594491481781
2 150 worker1 0.5666462779045105
2 160 worker1 0.5546200275421143
2 170 worker1 0.5515812039375305
2 180 worker1 0.7234355807304382
2 190 worker2 1.3721041679382324
2 200 worker2 1.270251989364624
2 210 worker2 1.0171064138412476
2 220 worker2 0.9339580535888672
2 230 worker2 0.8700326681137085
2 240 worker2 0.6518628001213074
2 250 worker2 0.5978304147720337
2 260 worker2 0.3895331621170044
2 270 worker2 0.6247977614402771
2 280 worker2 0.6147876977920532
2 290 worker3 1.2106467485427856
2 300 worker3 0.9476991295814514
2 310 worker3 0.7561895251274109
2 320 worker3 0.8247224688529968
2 330 worker3 0.6358851194381714
2 340 worker3 0.6824154257774353
2 350 worker3 0.6583142280578613
2 360 worker3 0.5051489472389221
2 370 worker3 0.4989843964576721
2 380 worker4 1.4156595468521118
2 390 worker4 1.1153721809387207
2 400 worker4 1.061212182044983
2 410 worker4 0.8704302310943604
2 420 worker4 0.7469022274017334
2 430 worker4 0.5842163562774658
2 440 worker4 0.5401040315628052
2 450 worker4 0.6789350509643555
2 460 worker4 0.533125638961792
2 470 worker5 1.2685227394104004
2 480 worker5 1.3385652303695679
2 490 worker5 1.0783798694610596
2 500 worker5 1.0395328998565674
2 510 worker5 0.6730782985687256
2 520 worker5 0.7051603198051453
2 530 worker5 0.6997361779212952
2 540 worker5 0.5526432394981384
2 550 worker5 0.5142084360122681
2 560 worker5 0.5866057872772217
2 570 worker6 1.2632840871810913
2 580 worker6 1.031835675239563
2 590 worker6 0.8821122050285339
2 600 worker6 1.0012797117233276
2 610 worker6 0.754345715045929
2 620 worker6 0.924726128578186
2 630 worker6 0.596176028251648
2 640 worker6 0.5013485550880432
2 650 worker6 0.48844417929649353
2 660 worker7 1.503010869026184
2 670 worker7 1.2000702619552612
2 680 worker7 1.0792148113250732
2 690 worker7 0.9676809906959534
2 700 worker7 0.8126192688941956
2 710 worker7 0.7119995355606079
2 720 worker7 0.726536750793457
2 730 worker7 0.7316541075706482
2 740 worker7 0.6095845699310303
2 750 worker7 0.5238683223724365
2 760 worker8 1.1999013423919678
2 770 worker8 1.0282953977584839
2 780 worker8 0.8205575346946716
2 790 worker8 0.7767379879951477
2 800 worker8 0.6035544276237488
2 810 worker8 0.5886974930763245
2 820 worker8 0.9204779267311096
2 830 worker8 0.6043254137039185
2 840 worker8 0.514055073261261
2 850 worker9 1.2103338241577148
2 860 worker9 1.0662827491760254
2 870 worker9 0.8245846629142761
2 880 worker9 0.7227938175201416
2 890 worker9 0.6571885347366333
2 900 worker9 0.5431874394416809
2 910 worker9 0.5020570755004883
2 920 worker9 0.6043678522109985
2 930 worker9 0.7299102544784546
3 0 worker0 0.4952012300491333
3 10 worker0 0.41923484206199646
3 20 worker0 0.5064625144004822
3 30 worker0 0.5273734331130981
3 40 worker0 0.319282591342926
3 50 worker0 0.2932226061820984
3 60 worker0 0.536628246307373
3 70 worker0 0.4913097620010376
3 80 worker0 0.49721696972846985
3 90 worker0 0.4305673837661743
3 100 worker1 0.5474381446838379
3 110 worker1 0.5648924112319946
3 120 worker1 0.49365922808647156
3 130 worker1 0.6065524816513062
3 140 worker1 0.4727092385292053
3 150 worker1 0.4812608063220978
3 160 worker1 0.3462459444999695
3 170 worker1 0.4777686297893524
3 180 worker1 0.37228235602378845
3 190 worker2 0.5176652073860168
3 200 worker2 0.5185449719429016
3 210 worker2 0.466622918844223
3 220 worker2 0.4263310432434082
3 230 worker2 0.494402140378952
3 240 worker2 0.534481406211853
3 250 worker2 0.4255516827106476
3 260 worker2 0.36042362451553345
3 270 worker2 0.38470932841300964
3 280 worker2 0.4016681909561157
3 290 worker3 0.41409623622894287
3 300 worker3 0.5340613722801208
3 310 worker3 0.66164630651474
3 320 worker3 0.3094310164451599
3 330 worker3 0.4851442575454712
3 340 worker3 0.4706977605819702
3 350 worker3 0.1860327571630478
3 360 worker3 0.5336884260177612
3 370 worker3 0.47244954109191895
3 380 worker4 0.5287542343139648
3 390 worker4 0.377520352602005
3 400 worker4 0.45004594326019287
3 410 worker4 0.5128564834594727
3 420 worker4 0.5852965116500854
3 430 worker4 0.4424709677696228
3 440 worker4 0.39303669333457947
3 450 worker4 0.4611588716506958
3 460 worker4 0.4394901692867279
3 470 worker5 0.5885995626449585
3 480 worker5 0.49335697293281555
3 490 worker5 0.45446667075157166
3 500 worker5 0.37843814492225647
3 510 worker5 0.4803147315979004
3 520 worker5 0.5579617619514465
3 530 worker5 0.410196453332901
3 540 worker5 0.46707552671432495
3 550 worker5 0.4981388747692108
3 560 worker5 0.3429369628429413
3 570 worker6 0.42471349239349365
3 580 worker6 0.45214781165122986
3 590 worker6 0.40778952836990356
3 600 worker6 0.5851044654846191
3 610 worker6 0.33649054169654846
3 620 worker6 0.468565970659256
3 630 worker6 0.44347986578941345
3 640 worker6 0.3944229185581207
3 650 worker6 0.5084345936775208
3 660 worker7 0.3945430517196655
3 670 worker7 0.500683605670929
3 680 worker7 0.41917917132377625
3 690 worker7 0.44404396414756775
3 700 worker7 0.32560816407203674
3 710 worker7 0.655709981918335
3 720 worker7 0.6411789655685425
3 730 worker7 0.3407440781593323
3 740 worker7 0.5149043798446655
3 750 worker7 0.3137635290622711
3 760 worker8 0.31951096653938293
3 770 worker8 0.4401950240135193
3 780 worker8 0.3988589644432068
3 790 worker8 0.3170813024044037
3 800 worker8 0.6093374490737915
3 810 worker8 0.5806747078895569
3 820 worker8 0.44432562589645386
3 830 worker8 0.4197554290294647
3 840 worker8 0.29185745120048523
3 850 worker9 0.3604534864425659
3 860 worker9 0.37581393122673035
3 870 worker9 0.2918621301651001
3 880 worker9 0.3767271041870117
3 890 worker9 0.4638988673686981
3 900 worker9 0.417656809091568
3 910 worker9 0.3024742603302002
3 920 worker9 0.422244131565094
3 930 worker9 0.38960903882980347
4 0 worker0 0.35622498393058777
4 10 worker0 0.32765358686447144
4 20 worker0 0.4913536310195923
4 30 worker0 0.2278209775686264
4 40 worker0 0.2970390319824219
4 50 worker0 0.4619016945362091
4 60 worker0 0.4013640284538269
4 70 worker0 0.3271366059780121
4 80 worker0 0.32238686084747314
4 90 worker0 0.33823633193969727
4 100 worker1 0.36712145805358887
4 110 worker1 0.2814079225063324
4 120 worker1 0.20175433158874512
4 130 worker1 0.22870410978794098
4 140 worker1 0.335255891084671
4 150 worker1 0.2793756127357483
4 160 worker1 0.3390061557292938
4 170 worker1 0.39669176936149597
4 180 worker1 0.43383216857910156
4 190 worker2 0.7363941073417664
4 200 worker2 0.27900663018226624
4 210 worker2 0.45983433723449707
4 220 worker2 0.3872186541557312
4 230 worker2 0.28861039876937866
4 240 worker2 0.6369697451591492
4 250 worker2 0.426290363073349
4 260 worker2 0.2610625624656677
4 270 worker2 0.3311391770839691
4 280 worker2 0.5254690647125244
4 290 worker3 0.2078649252653122
4 300 worker3 0.4272482097148895
4 310 worker3 0.2384260892868042
4 320 worker3 0.37148892879486084
4 330 worker3 0.3742710053920746
4 340 worker3 0.3906938135623932
4 350 worker3 0.19268733263015747
4 360 worker3 0.2590828239917755
4 370 worker3 0.2931179404258728
4 380 worker4 0.5726479887962341
4 390 worker4 0.3701930344104767
4 400 worker4 0.22258438169956207
4 410 worker4 0.3732229471206665
4 420 worker4 0.19047902524471283
4 430 worker4 0.2612898647785187
4 440 worker4 0.46282273530960083
4 450 worker4 0.27323225140571594
4 460 worker4 0.2601332664489746
4 470 worker5 0.36595848202705383
4 480 worker5 0.33849799633026123
4 490 worker5 0.46370482444763184
4 500 worker5 0.39478832483291626
4 510 worker5 0.41606059670448303
4 520 worker5 0.43418675661087036
4 530 worker5 0.2718610167503357
4 540 worker5 0.3493814468383789
4 550 worker5 0.31565168499946594
4 560 worker5 0.3536708354949951
4 570 worker6 0.5116145610809326
4 580 worker6 0.3840705454349518
4 590 worker6 0.6376070976257324
4 600 worker6 0.4297122657299042
4 610 worker6 0.4990755021572113
4 620 worker6 0.22982080280780792
4 630 worker6 0.18928831815719604
4 640 worker6 0.28590452671051025
4 650 worker6 0.3675156831741333
4 660 worker7 0.43949055671691895
4 670 worker7 0.37858590483665466
4 680 worker7 0.4103315472602844
4 690 worker7 0.26777032017707825
4 700 worker7 0.5568280220031738
4 710 worker7 0.5101752281188965
4 720 worker7 0.5855897068977356
4 730 worker7 0.27937933802604675
4 740 worker7 0.2150251716375351
4 750 worker7 0.42537039518356323
4 760 worker8 0.3875807821750641
4 770 worker8 0.37240639328956604
4 780 worker8 0.47189033031463623
4 790 worker8 0.37731337547302246
4 800 worker8 0.3739588260650635
4 810 worker8 0.4108991026878357
4 820 worker8 0.2724369168281555
4 830 worker8 0.34008949995040894
4 840 worker8 0.3731701672077179
4 850 worker9 0.3268938958644867
4 860 worker9 0.2915440499782562
4 870 worker9 0.18378953635692596
4 880 worker9 0.3181532025337219
4 890 worker9 0.27575036883354187
4 900 worker9 0.15792739391326904
4 910 worker9 0.16137056052684784
4 920 worker9 0.22710424661636353
4 930 worker9 0.1589398980140686
5 0 worker0 0.2664738595485687
5 10 worker0 0.38190487027168274
5 20 worker0 0.2974393367767334
5 30 worker0 0.3719928562641144
5 40 worker0 0.21376793086528778
5 50 worker0 0.16557827591896057
5 60 worker0 0.445514053106308
5 70 worker0 0.19118650257587433
5 80 worker0 0.25965654850006104
5 90 worker0 0.2463635355234146
5 100 worker1 0.22544865310192108
5 110 worker1 0.25130710005760193
5 120 worker1 0.449349045753479
5 130 worker1 0.40205109119415283
5 140 worker1 0.23696710169315338
5 150 worker1 0.4347650706768036
5 160 worker1 0.2887190878391266
5 170 worker1 0.14800816774368286
5 180 worker1 0.29915833473205566
5 190 worker2 0.5187947750091553
5 200 worker2 0.4477311372756958
5 210 worker2 0.18674981594085693
5 220 worker2 0.5053738355636597
5 230 worker2 0.17953723669052124
5 240 worker2 0.29564985632896423
5 250 worker2 0.1650608330965042
5 260 worker2 0.19679468870162964
5 270 worker2 0.2759849727153778
5 280 worker2 0.26947954297065735
5 290 worker3 0.3219672739505768
5 300 worker3 0.2871566116809845
5 310 worker3 0.28136637806892395
5 320 worker3 0.23349148035049438
5 330 worker3 0.2359953224658966
5 340 worker3 0.5397759675979614
5 350 worker3 0.3217376172542572
5 360 worker3 0.35073813796043396
5 370 worker3 0.1728464663028717
5 380 worker4 0.6224663257598877
5 390 worker4 0.400328665971756
5 400 worker4 0.5402965545654297
5 410 worker4 0.3362010717391968
5 420 worker4 0.4003157317638397
5 430 worker4 0.3276067078113556
5 440 worker4 0.4045644700527191
5 450 worker4 0.2537783086299896
5 460 worker4 0.2931725084781647
5 470 worker5 0.22661826014518738
5 480 worker5 0.2327733188867569
5 490 worker5 0.44522467255592346
5 500 worker5 0.1950431913137436
5 510 worker5 0.3545563817024231
5 520 worker5 0.3372378647327423
5 530 worker5 0.22323516011238098
5 540 worker5 0.4517202377319336
5 550 worker5 0.2804872393608093
5 560 worker5 0.19677573442459106
5 570 worker6 0.39938947558403015
5 580 worker6 0.3287917971611023
5 590 worker6 0.2184111624956131
5 600 worker6 0.3503839671611786
5 610 worker6 0.2519226372241974
5 620 worker6 0.22999875247478485
5 630 worker6 0.36420607566833496
5 640 worker6 0.3169533312320709
5 650 worker6 0.2038564383983612
5 660 worker7 0.23928780853748322
5 670 worker7 0.4073985815048218
5 680 worker7 0.322011262178421
5 690 worker7 0.44614002108573914
5 700 worker7 0.5030089616775513
5 710 worker7 0.2956635355949402
5 720 worker7 0.282530277967453
5 730 worker7 0.21286360919475555
5 740 worker7 0.2184225618839264
5 750 worker7 0.30726802349090576
5 760 worker8 0.23463793098926544
5 770 worker8 0.18928179144859314
5 780 worker8 0.35995185375213623
5 790 worker8 0.2869149446487427
5 800 worker8 0.421383261680603
5 810 worker8 0.3700196444988251
5 820 worker8 0.38653290271759033
5 830 worker8 0.34055984020233154
5 840 worker8 0.1947566121816635
5 850 worker9 0.32649651169776917
5 860 worker9 0.2880372703075409
5 870 worker9 0.17171050608158112
5 880 worker9 0.2969762980937958
5 890 worker9 0.1359557956457138
5 900 worker9 0.2407040148973465
5 910 worker9 0.2502729296684265
5 920 worker9 0.45796337723731995
5 930 worker9 0.1993180513381958
